#V																			     
         -0.06104241          0.99891000          0.99891000              -0.06090100          1.00000000         -0.00109000	-0.060901   0.99891   0.00137
         -0.05891041          0.99882000          0.99882000              -0.05876900          1.00000000         -0.00118000	-0.058769   0.99882   0.00161
         -0.05719741          0.99707000          0.99707000              -0.05705600          1.00000000         -0.00293000	-0.057056   0.99707   0.00126
         -0.05542241          0.99953000          0.99953000              -0.05528100          1.00000000         -0.00047000	-0.055281   0.99953   0.00142
         -0.05376341          1.00133000          1.00133000              -0.05362200          1.00000000          0.00133000	-0.053622   1.00133   0.00138
         -0.05197241          1.00258000          1.00258000              -0.05183100          1.00000000          0.00258000	-0.051831   1.00258   0.00154
         -0.05027941          0.99984000          0.99984000              -0.05013800          1.00000000         -0.00016000	-0.050138   0.99984   0.00127
         -0.04857441          1.00014000          1.00014000              -0.04843300          1.00000000          0.00014000	-0.048433   1.00014   0.00161
         -0.04671341          0.99816000          0.99816000              -0.04657200          1.00000000         -0.00184000	-0.046572   0.99816   0.00136
         -0.04460041          1.00114000          1.00114000              -0.04445900          1.00000000          0.00114000	-0.044459   1.00114   0.00208
         -0.04242141          1.00072000          1.00072000              -0.04228000          1.00000000          0.00072000	-0.042280   1.00072   0.00148
         -0.04076341          1.00023000          1.00023000              -0.04062200          1.00000000          0.00023000	-0.040622   1.00023   0.00222
         -0.03901341          0.99984000          0.99984000              -0.03887200          1.00000000         -0.00016000	-0.038872   0.99984   0.00127
         -0.03762441          1.00064000          1.00064000              -0.03748300          1.00000000          0.00064000	-0.037483   1.00064   0.00116
         -0.03595141          0.99888000          0.99888000              -0.03581000          1.00000000         -0.00112000	-0.035810   0.99888   0.00168
         -0.03453241          0.99905000          0.99905000              -0.03439100          1.00000000         -0.00095000	-0.034391   0.99905   0.00123
         -0.03306541          1.00144000          1.00144000              -0.03292400          1.00000000          0.00144000	-0.032924   1.00144   0.00207
         -0.03145741          1.00069000          1.00069000              -0.03131600          1.00000000          0.00069000	-0.031316   1.00069   0.00115
         -0.02969941          1.00020000          1.00020000              -0.02955800          1.00000000          0.00020000	-0.029558   1.00020   0.00175
         -0.02820041          0.99754000          0.99754000              -0.02805900          0.99989539         -0.00235539	-0.028059   0.99754   0.00134
         -0.02681841          0.99983000          0.99983000              -0.02667700          0.99920349          0.00062651	-0.026677   0.99983   0.00237
         -0.02511041          0.99800000          0.99800000              -0.02496900          0.99779907          0.00020093	-0.024969   0.99800   0.00137
         -0.02373241          0.99650000          0.99650000              -0.02359100          0.99635880          0.00014120	-0.023591   0.99650   0.00175
         -0.02224641          0.99764000          0.99764000              -0.02210500          0.99459505          0.00304495	-0.022105   0.99764   0.00089
         -0.02078741          0.99390000          0.99390000              -0.02064600          0.99272639          0.00117361	-0.020646   0.99390   0.00092
         -0.01941141          0.99143000          0.99143000              -0.01927000          0.99089948          0.00053052	-0.019270   0.99143   0.00031
         -0.01792841          0.98638000          0.98638000              -0.01778700          0.98891747         -0.00253747	-0.017787   0.98638   0.00142
         -0.01647741          0.98882000          0.98882000              -0.01633600          0.98701549          0.00180451	-0.016336   0.98882   0.00110
         -0.01509941          0.98462000          0.98462000              -0.01495800          0.98528338         -0.00066338	-0.014958   0.98462   0.00167
         -0.01361341          0.98563000          0.98563000              -0.01347200          0.98353336          0.00209664	-0.013472   0.98563   0.00156
         -0.01215741          0.98123000          0.98123000              -0.01201600          0.98196731         -0.00073731	-0.012016   0.98123   0.00155
         -0.01078541          0.97991000          0.97991000              -0.01064400          0.98064683         -0.00073683	-0.010644   0.97991   0.00154
         -0.00929941          0.98130000          0.98130000              -0.00915800          0.97940168          0.00189832	-0.009158   0.98130   0.00096
         -0.00770041          0.97569000          0.97569000              -0.00755900          0.97828602         -0.00259602	-0.007559   0.97569   0.00132
         -0.00618041          0.97667000          0.97667000              -0.00603900          0.97744179         -0.00077179	-0.006039   0.97667   0.00126
         -0.00445841          0.97760000          0.97760000              -0.00431700          0.97673203          0.00086797	-0.004317   0.97760   0.00156
         -0.00297941          0.97637000          0.97637000              -0.00283800          0.97631980          0.00005020	-0.002838   0.97637   0.00138
         -0.00136341          0.97415000          0.97415000              -0.00122200          0.97606360         -0.00191360	-0.001222   0.97415   0.00167
          0.00002059          0.97491000          0.97491000               0.00016200          0.97599676         -0.00108676	 0.000162   0.97491   0.00147
          0.00183059          0.97604000          0.97604000               0.00197200          0.97611759         -0.00007759	 0.001972   0.97604   0.00173
          0.00323459          0.97690000          0.97690000               0.00337600          0.97637847          0.00052153	 0.003376   0.97690   0.00106
          0.00498659          0.97990000          0.97990000               0.00512800          0.97692269          0.00297731	 0.005128   0.97990   0.00125
          0.00649559          0.97773000          0.97773000               0.00663700          0.97759974          0.00013026	 0.006637   0.97773   0.00207
          0.00819059          0.97761000          0.97761000               0.00833200          0.97860311         -0.00099311	 0.008332   0.97761   0.00179
          0.00956259          0.97952000          0.97952000               0.00970400          0.97960773         -0.00008773	 0.009704   0.97952   0.00194
          0.01094259          0.98088000          0.98088000               0.01108400          0.98079000          0.00009000	 0.011084   0.98088   0.00146
          0.01276059          0.97980000          0.97980000               0.01290200          0.98259659         -0.00279659	 0.012902   0.97980   0.00180
          0.01417659          0.98304000          0.98304000               0.01431800          0.98418012         -0.00114012	 0.014318   0.98304   0.00080
          0.01573859          0.98925000          0.98925000               0.01588000          0.98607562          0.00317438	 0.015880   0.98925   0.00162
          0.01710759          0.98744000          0.98744000               0.01724900          0.98783403         -0.00039403	 0.017249   0.98744   0.00147
          0.01849359          0.99107000          0.99107000               0.01863500          0.98967101          0.00139899	 0.018635   0.99107   0.00146
          0.02005359          0.99406000          0.99406000               0.02019500          0.99175653          0.00230347	 0.020195   0.99406   0.00101
          0.02142159          0.99284000          0.99284000               0.02156300          0.99355084         -0.00071084	 0.021563   0.99284   0.00258
          0.02281359          0.99373000          0.99373000               0.02295500          0.99528890         -0.00155890	 0.022955   0.99373   0.00108
          0.02449359          1.00217000          1.00217000               0.02463500          0.99718239          0.00498761	 0.024635   1.00217   0.00149
          0.02605259          0.99846000          0.99846000               0.02619400          0.99863574         -0.00017574	 0.026194   0.99846   0.00116
          0.02760059          0.99753000          0.99753000               0.02774200          0.99965607         -0.00212607	 0.027742   0.99753   0.00127
          0.02911159          1.00162000          1.00162000               0.02925300          1.00000000          0.00162000	 0.029253   1.00162   0.00215
          0.03109359          1.00200000          1.00200000               0.03123500          1.00000000          0.00200000	 0.031235   1.00200   0.00199
          0.03286759          1.00355000          1.00355000               0.03300900          1.00000000          0.00355000	 0.033009   1.00355   0.00244
          0.03450059          0.99939000          0.99939000               0.03464200          1.00000000         -0.00061000	 0.034642   0.99939   0.00188
          0.03633359          1.00211000          1.00211000               0.03647500          1.00000000          0.00211000	 0.036475   1.00211   0.00293
          0.03799559          0.99615000          0.99615000               0.03813700          1.00000000         -0.00385000	 0.038137   0.99615   0.00188
          0.03971159          1.00138000          1.00138000               0.03985300          1.00000000          0.00138000	 0.039853   1.00138   0.00203
          0.04148759          0.99919000          0.99919000               0.04162900          1.00000000         -0.00081000	 0.041629   0.99919   0.00182
          0.04325359          1.00037000          1.00037000               0.04339500          1.00000000          0.00037000	 0.043395   1.00037   0.00122
          0.04509859          1.00316000          1.00316000               0.04524000          1.00000000          0.00316000	 0.045240   1.00316   0.00091
          0.04687459          0.99875000          0.99875000               0.04701600          1.00000000         -0.00125000	 0.047016   0.99875   0.00145
          0.04850359          0.99713000          0.99713000               0.04864500          1.00000000         -0.00287000	 0.048645   0.99713   0.00152
          0.05035059          0.99863000          0.99863000               0.05049200          1.00000000         -0.00137000	 0.050492   0.99863   0.00132
          0.05240859          0.99793000          0.99793000               0.05255000          1.00000000         -0.00207000	 0.052550   0.99793   0.00183
          0.05456259          0.99837000          0.99837000               0.05470400          1.00000000         -0.00163000	 0.054704   0.99837   0.00082
          0.05679159          0.99888000          0.99888000               0.05693300          1.00000000         -0.00112000	 0.056933   0.99888   0.00132
          0.05958259          0.99903000          0.99903000               0.05972400          1.00000000         -0.00097000	 0.059724   0.99903   0.00124
																			     
																			     
#R																			     
         -0.09495599          0.99983000          0.99983000              -0.09495300          1.00000000         -0.00017000	-0.094953   0.99983   0.00030
         -0.08610999          1.00026000          1.00026000              -0.08610700          1.00000000          0.00026000	-0.086107   1.00026   0.00050
         -0.07821699          0.99971000          0.99971000              -0.07821400          1.00000000         -0.00029000	-0.078214   0.99971   0.00041
         -0.07318999          1.00051000          1.00051000              -0.07318700          1.00000000          0.00051000	-0.073187   1.00051   0.00048
         -0.06939699          0.99978000          0.99978000              -0.06939400          1.00000000         -0.00022000	-0.069394   0.99978   0.00039
         -0.06543399          0.99981000          0.99981000              -0.06543100          1.00000000         -0.00019000	-0.065431   0.99981   0.00056
         -0.06247599          1.00066000          1.00066000              -0.06247300          1.00000000          0.00066000	-0.062473   1.00066   0.00068
         -0.05956299          0.99960000          0.99960000              -0.05956000          1.00000000         -0.00040000	-0.059560   0.99960   0.00052
         -0.05658799          1.00033000          1.00033000              -0.05658500          1.00000000          0.00033000	-0.056585   1.00033   0.00077
         -0.05361999          0.99985000          0.99985000              -0.05361700          1.00000000         -0.00015000	-0.053617   0.99985   0.00053
         -0.05065699          0.99994000          0.99994000              -0.05065400          1.00000000         -0.00006000	-0.050654   0.99994   0.00048
         -0.04856199          0.99939000          0.99939000              -0.04855900          1.00000000         -0.00061000	-0.048559   0.99939   0.00047
         -0.04622799          1.00041000          1.00041000              -0.04622500          1.00000000          0.00041000	-0.046225   1.00041   0.00062
         -0.04428399          1.00000000          1.00000000              -0.04428100          1.00000000          0.00000000	-0.044281   1.00000   0.00051
         -0.04209699          1.00108000          1.00108000              -0.04209400          1.00000000          0.00108000	-0.042094   1.00108   0.00023
         -0.03987099          1.00034000          1.00034000              -0.03986800          1.00000000          0.00034000	-0.039868   1.00034   0.00069
         -0.03767099          1.00015000          1.00015000              -0.03766800          1.00000000          0.00015000	-0.037668   1.00015   0.00017
         -0.03557699          0.99930000          0.99930000              -0.03557400          1.00000000         -0.00070000	-0.035574   0.99930   0.00051
         -0.03338299          0.99979000          0.99979000              -0.03338000          1.00000000         -0.00021000	-0.033380   0.99979   0.00047
         -0.03127599          0.99960000          0.99960000              -0.03127300          1.00000000         -0.00040000	-0.031273   0.99960   0.00039
         -0.02906199          0.99946000          0.99946000              -0.02905900          1.00000000         -0.00054000	-0.029059   0.99946   0.00069
         -0.02703199          0.99909000          0.99909000              -0.02702900          0.99925478         -0.00016478	-0.027029   0.99909   0.00031
         -0.02482099          0.99708000          0.99708000              -0.02481800          0.99727866         -0.00019866	-0.024818   0.99708   0.00068
         -0.02268999          0.99452000          0.99452000              -0.02268700          0.99476559         -0.00024559	-0.022687   0.99452   0.00070
         -0.02057199          0.99187000          0.99187000              -0.02056900          0.99195604         -0.00008604	-0.020569   0.99187   0.00036
         -0.01846499          0.98906000          0.98906000              -0.01846200          0.98906043         -0.00000043	-0.018462   0.98906   0.00065
         -0.01627799          0.98550000          0.98550000              -0.01627500          0.98612768         -0.00062768	-0.016275   0.98550   0.00044
         -0.01403999          0.98348000          0.98348000              -0.01403700          0.98335673          0.00012327	-0.014037   0.98348   0.00091
         -0.01173599          0.98149000          0.98149000              -0.01173300          0.98087175          0.00061825	-0.011733   0.98149   0.00111
         -0.00948499          0.97912000          0.97912000              -0.00948200          0.97888324          0.00023676	-0.009482   0.97912   0.00061
         -0.00733999          0.97753000          0.97753000              -0.00733700          0.97742407          0.00010593	-0.007337   0.97753   0.00041
         -0.00541099          0.97660000          0.97660000              -0.00540800          0.97647176          0.00012824	-0.005408   0.97660   0.00055
         -0.00379699          0.97612000          0.97612000              -0.00379400          0.97592131          0.00019869	-0.003794   0.97612   0.00045
         -0.00199699          0.97561000          0.97561000              -0.00199400          0.97554976          0.00006024	-0.001994   0.97561   0.00010
         -0.00037099          0.97531000          0.97531000              -0.00036800          0.97541622         -0.00010622	-0.000368   0.97531   0.00064
          0.00130901          0.97492000          0.97492000               0.00131200          0.97547062         -0.00055062	 0.001312   0.97492   0.00091
          0.00300501          0.97572000          0.97572000               0.00300800          0.97572769         -0.00000769	 0.003008   0.97572   0.00061
          0.00462901          0.97595000          0.97595000               0.00463200          0.97617819         -0.00022819	 0.004632   0.97595   0.00130
          0.00637501          0.97701000          0.97701000               0.00637800          0.97690615          0.00010385	 0.006378   0.97701   0.00094
          0.00826601          0.97859000          0.97859000               0.00826900          0.97800143          0.00058857	 0.008269   0.97859   0.00046
          0.01006801          0.97936000          0.97936000               0.01007100          0.97935393          0.00000607	 0.010071   0.97936   0.00107
          0.01164001          0.97994000          0.97994000               0.01164300          0.98077769         -0.00083769	 0.011643   0.97994   0.00097
          0.01335801          0.98229000          0.98229000               0.01336100          0.98257774         -0.00028774	 0.013361   0.98229   0.00071
          0.01517001          0.98466000          0.98466000               0.01517300          0.98471847         -0.00005847	 0.015173   0.98466   0.00054
          0.01670001          0.98734000          0.98734000               0.01670300          0.98668046          0.00065954	 0.016703   0.98734   0.00083
          0.01849401          0.98979000          0.98979000               0.01849700          0.98910019          0.00068981	 0.018497   0.98979   0.00099
          0.02002001          0.99158000          0.99158000               0.02002300          0.99119973          0.00038027	 0.020023   0.99158   0.00031
          0.02178001          0.99266000          0.99266000               0.02178300          0.99358324         -0.00092324	 0.021783   0.99266   0.00099
          0.02337101          0.99468000          0.99468000               0.02337400          0.99561444         -0.00093444	 0.023374   0.99468   0.00058
          0.02507701          0.99739000          0.99739000               0.02508000          0.99754725         -0.00015725	 0.025080   0.99739   0.00046
          0.02682701          0.99999000          0.99999000               0.02683000          0.99910954          0.00088046	 0.026830   0.99999   0.00086
          0.02838801          1.00037000          1.00037000               0.02839100          0.99993624          0.00043376	 0.028391   1.00037   0.00086
          0.03015401          1.00039000          1.00039000               0.03015700          1.00000000          0.00039000	 0.030157   1.00039   0.00063
          0.03169301          0.99934000          0.99934000               0.03169600          1.00000000         -0.00066000	 0.031696   0.99934   0.00057
          0.03348701          1.00021000          1.00021000               0.03349000          1.00000000          0.00021000	 0.033490   1.00021   0.00037
          0.03515301          1.00018000          1.00018000               0.03515600          1.00000000          0.00018000	 0.035156   1.00018   0.00073
          0.03677901          1.00007000          1.00007000               0.03678200          1.00000000          0.00007000	 0.036782   1.00007   0.00051
          0.03846601          1.00007000          1.00007000               0.03846900          1.00000000          0.00007000	 0.038469   1.00007   0.00036
          0.04008401          0.99986000          0.99986000               0.04008700          1.00000000         -0.00014000	 0.040087   0.99986   0.00030
          0.04192601          0.99989000          0.99989000               0.04192900          1.00000000         -0.00011000	 0.041929   0.99989   0.00036
          0.04416101          0.99991000          0.99991000               0.04416400          1.00000000         -0.00009000	 0.044164   0.99991   0.00100
          0.04646401          1.00016000          1.00016000               0.04646700          1.00000000          0.00016000	 0.046467   1.00016   0.00061
          0.04826401          1.00022000          1.00022000               0.04826700          1.00000000          0.00022000	 0.048267   1.00022   0.00017
          0.05018101          1.00048000          1.00048000               0.05018400          1.00000000          0.00048000	 0.050184   1.00048   0.00046
          0.05187001          1.00004000          1.00004000               0.05187300          1.00000000          0.00004000	 0.051873   1.00004   0.00066
          0.05366101          1.00032000          1.00032000               0.05366400          1.00000000          0.00032000	 0.053664   1.00032   0.00048
          0.05522201          1.00053000          1.00053000               0.05522500          1.00000000          0.00053000	 0.055225   1.00053   0.00078
          0.05725101          0.99844000          0.99844000               0.05725400          1.00000000         -0.00156000	 0.057254   0.99844   0.00032
          0.05904301          1.00002000          1.00002000               0.05904600          1.00000000          0.00002000	 0.059046   1.00002   0.00030
          0.06087301          1.00060000          1.00060000               0.06087600          1.00000000          0.00060000	 0.060876   1.00060   0.00050
          0.06264801          1.00025000          1.00025000               0.06265100          1.00000000          0.00025000	 0.062651   1.00025   0.00029
          0.06427501          0.99977000          0.99977000               0.06427800          1.00000000         -0.00023000	 0.064278   0.99977   0.00063
          0.06594601          1.00022000          1.00022000               0.06594900          1.00000000          0.00022000	 0.065949   1.00022   0.00029
          0.06761301          0.99983000          0.99983000               0.06761600          1.00000000         -0.00017000	 0.067616   0.99983   0.00036
          0.06962401          1.00008000          1.00008000               0.06962700          1.00000000          0.00008000	 0.069627   1.00008   0.00057
          0.07196701          0.99924000          0.99924000               0.07197000          1.00000000         -0.00076000	 0.071970   0.99924   0.00060
          0.07513401          1.00083000          1.00083000               0.07513700          1.00000000          0.00083000	 0.075137   1.00083   0.00042
          0.07853001          0.99933000          0.99933000               0.07853300          1.00000000         -0.00067000	 0.078533   0.99933   0.00069
          0.08161601          0.99922000          0.99922000               0.08161900          1.00000000         -0.00078000	 0.081619   0.99922   0.00049
          0.08547001          1.00065000          1.00065000               0.08547300          1.00000000          0.00065000	 0.085473   1.00065   0.00098
          0.09017701          0.99977000          0.99977000               0.09018000          1.00000000         -0.00023000	 0.090180   0.99977   0.00056
          0.09721301          1.00039000          1.00039000               0.09721600          1.00000000          0.00039000	 0.097216   1.00039   0.00029
																			     
																			     
#Rc																			     
         -0.06549313          0.99877000          0.99877000              -0.06549800          1.00000000         -0.00123000	-0.065498   0.99877   0.00121
         -0.06246613          0.99975000          0.99975000              -0.06247100          1.00000000         -0.00025000	-0.062471   0.99975   0.00136
         -0.05992013          0.99946000          0.99946000              -0.05992500          1.00000000         -0.00054000	-0.059925   0.99946   0.00128
         -0.05735513          1.00011000          1.00011000              -0.05736000          1.00000000          0.00011000	-0.057360   1.00011   0.00128
         -0.05505013          1.00015000          1.00015000              -0.05505500          1.00000000          0.00015000	-0.055055   1.00015   0.00172
         -0.05320813          0.99936000          0.99936000              -0.05321300          1.00000000         -0.00064000	-0.053213   0.99936   0.00112
         -0.05134913          0.99801000          0.99801000              -0.05135400          1.00000000         -0.00199000	-0.051354   0.99801   0.00099
         -0.04972113          1.00006000          1.00006000              -0.04972600          1.00000000          0.00006000	-0.049726   1.00006   0.00182
         -0.04815013          0.99932000          0.99932000              -0.04815500          1.00000000         -0.00068000	-0.048155   0.99932   0.00103
         -0.04665913          1.00123000          1.00123000              -0.04666400          1.00000000          0.00123000	-0.046664   1.00123   0.00142
         -0.04508113          1.00020000          1.00020000              -0.04508600          1.00000000          0.00020000	-0.045086   1.00020   0.00157
         -0.04359713          0.99945000          0.99945000              -0.04360200          1.00000000         -0.00055000	-0.043602   0.99945   0.00140
         -0.04213813          0.99895000          0.99895000              -0.04214300          1.00000000         -0.00105000	-0.042143   0.99895   0.00098
         -0.04053413          0.99837000          0.99837000              -0.04053900          1.00000000         -0.00163000	-0.040539   0.99837   0.00157
         -0.03907613          1.00010000          1.00010000              -0.03908100          1.00000000          0.00010000	-0.039081   1.00010   0.00128
         -0.03761813          1.00029000          1.00029000              -0.03762300          1.00000000          0.00029000	-0.037623   1.00029   0.00174
         -0.03615913          1.00251000          1.00251000              -0.03616400          1.00000000          0.00251000	-0.036164   1.00251   0.00109
         -0.03470113          1.00106000          1.00106000              -0.03470600          1.00000000          0.00106000	-0.034706   1.00106   0.00133
         -0.03324213          1.00073000          1.00073000              -0.03324700          1.00000000          0.00073000	-0.033247   1.00073   0.00133
         -0.03163713          1.00053000          1.00053000              -0.03164200          1.00000000          0.00053000	-0.031642   1.00053   0.00111
         -0.03017913          1.00068000          1.00068000              -0.03018400          1.00000000          0.00068000	-0.030184   1.00068   0.00158
         -0.02857513          0.99974000          0.99974000              -0.02858000          0.99993492         -0.00019492	-0.028580   0.99974   0.00103
         -0.02697113          1.00029000          1.00029000              -0.02697600          0.99907252          0.00121748	-0.026976   1.00029   0.00150
         -0.02551313          1.00060000          1.00060000              -0.02551800          0.99778210          0.00281790	-0.025518   1.00060   0.00121
         -0.02405513          0.99615000          0.99615000              -0.02406000          0.99616980         -0.00001980	-0.024060   0.99615   0.00156
         -0.02259713          0.99659000          0.99659000              -0.02260200          0.99433660          0.00225340	-0.022602   0.99659   0.00179
         -0.02113913          0.99124000          0.99124000              -0.02114400          0.99236348         -0.00112348	-0.021144   0.99124   0.00200
         -0.01968113          0.98977000          0.98977000              -0.01968600          0.99031945         -0.00054945	-0.019686   0.98977   0.00205
         -0.01822313          0.98818000          0.98818000              -0.01822800          0.98826456         -0.00008456	-0.018228   0.98818   0.00128
         -0.01676313          0.98565000          0.98565000              -0.01676800          0.98624843         -0.00059843	-0.016768   0.98565   0.00156
         -0.01518313          0.98473000          0.98473000              -0.01518800          0.98416562          0.00056438	-0.015188   0.98473   0.00187
         -0.01369913          0.98061000          0.98061000              -0.01370400          0.98234454         -0.00173454	-0.013704   0.98061   0.00147
         -0.01222813          0.98021000          0.98021000              -0.01223300          0.98070022         -0.00049022	-0.012233   0.98021   0.00122
         -0.01077013          0.98062000          0.98062000              -0.01077500          0.97925074          0.00136926	-0.010775   0.98062   0.00130
         -0.00918613          0.97600000          0.97600000              -0.00919100          0.97789596         -0.00189596	-0.009191   0.97600   0.00142
         -0.00756313          0.97617000          0.97617000              -0.00756800          0.97675366         -0.00058366	-0.007568   0.97617   0.00146
         -0.00610613          0.97442000          0.97442000              -0.00611100          0.97593919         -0.00151919	-0.006111   0.97442   0.00094
         -0.00464813          0.97479000          0.97479000              -0.00465300          0.97531698         -0.00052698	-0.004653   0.97479   0.00095
         -0.00293313          0.97733000          0.97733000              -0.00293800          0.97481758          0.00251242	-0.002938   0.97733   0.00084
         -0.00144213          0.97480000          0.97480000              -0.00144700          0.97457387          0.00022613	-0.001447   0.97480   0.00111
          0.00001487          0.97759000          0.97759000               0.00001000          0.97449726          0.00309274	 0.000010   0.97759   0.00145
          0.00155487          0.97585000          0.97585000               0.00155000          0.97458637          0.00126363	 0.001550   0.97585   0.00154
          0.00307487          0.97521000          0.97521000               0.00307000          0.97484976          0.00036024	 0.003070   0.97521   0.00162
          0.00464687          0.97617000          0.97617000               0.00464200          0.97531653          0.00085347	 0.004642   0.97617   0.00136
          0.00613587          0.97540000          0.97540000               0.00613100          0.97595386         -0.00055386	 0.006131   0.97540   0.00140
          0.00772087          0.97341000          0.97341000               0.00771600          0.97685374         -0.00344374	 0.007716   0.97341   0.00132
          0.00934287          0.97872000          0.97872000               0.00933800          0.97801952          0.00070048	 0.009338   0.97872   0.00223
          0.01089087          0.97916000          0.97916000               0.01088600          0.97936357         -0.00020357	 0.010886   0.97916   0.00135
          0.01254987          0.98229000          0.98229000               0.01254500          0.98104493          0.00124507	 0.012545   0.98229   0.00205
          0.01410887          0.98324000          0.98324000               0.01410400          0.98283225          0.00040775	 0.014104   0.98324   0.00148
          0.01560987          0.98580000          0.98580000               0.01560500          0.98471528          0.00108472	 0.015605   0.98580   0.00153
          0.01706687          0.98461000          0.98461000               0.01706200          0.98666212         -0.00205212	 0.017062   0.98461   0.00113
          0.01852487          0.98661000          0.98661000               0.01852000          0.98868806         -0.00207806	 0.018520   0.98661   0.00172
          0.01998187          0.99159000          0.99159000               0.01997700          0.99074383          0.00084617	 0.019977   0.99159   0.00108
          0.02144087          0.99106000          0.99106000               0.02143600          0.99277979         -0.00171979	 0.021436   0.99106   0.00121
          0.02289887          0.99488000          0.99488000               0.02289400          0.99472995          0.00015005	 0.022894   0.99488   0.00198
          0.02435687          0.99576000          0.99576000               0.02435200          0.99652457         -0.00076457	 0.024352   0.99576   0.00144
          0.02602587          1.00030000          1.00030000               0.02602100          0.99827873          0.00202127	 0.026021   1.00030   0.00102
          0.02758387          1.00296000          1.00296000               0.02757900          0.99948624          0.00347376	 0.027579   1.00296   0.00176
          0.02929787          0.99829000          0.99829000               0.02929300          1.00000000         -0.00171000	 0.029293   0.99829   0.00182
          0.03092587          0.99868000          0.99868000               0.03092100          1.00000000         -0.00132000	 0.030921   0.99868   0.00128
          0.03238487          0.99992000          0.99992000               0.03238000          1.00000000         -0.00008000	 0.032380   0.99992   0.00074
          0.03404687          1.00003000          1.00003000               0.03404200          1.00000000          0.00003000	 0.034042   1.00003   0.00132
          0.03585687          1.00049000          1.00049000               0.03585200          1.00000000          0.00049000	 0.035852   1.00049   0.00143
          0.03772087          1.00054000          1.00054000               0.03771600          1.00000000          0.00054000	 0.037716   1.00054   0.00128
          0.03949987          1.00085000          1.00085000               0.03949500          1.00000000          0.00085000	 0.039495   1.00085   0.00222
          0.04136387          0.99851000          0.99851000               0.04135900          1.00000000         -0.00149000	 0.041359   0.99851   0.00144
          0.04314287          1.00266000          1.00266000               0.04313800          1.00000000          0.00266000	 0.043138   1.00266   0.00150
          0.04500887          0.99988000          0.99988000               0.04500400          1.00000000         -0.00012000	 0.045004   0.99988   0.00099
          0.04678687          0.99742000          0.99742000               0.04678200          1.00000000         -0.00258000	 0.046782   0.99742   0.00135
          0.04865387          0.99781000          0.99781000               0.04864900          1.00000000         -0.00219000	 0.048649   0.99781   0.00211
          0.05043187          1.00054000          1.00054000               0.05042700          1.00000000          0.00054000	 0.050427   1.00054   0.00167
          0.05230587          1.00119000          1.00119000               0.05230100          1.00000000          0.00119000	 0.052301   1.00119   0.00114
          0.05457487          1.00002000          1.00002000               0.05457000          1.00000000          0.00002000	 0.054570   1.00002   0.00214
          0.05788987          0.99970000          0.99970000               0.05788500          1.00000000         -0.00030000	 0.057885   0.99970   0.00256
          0.06153587          1.00149000          1.00149000               0.06153100          1.00000000          0.00149000	 0.061531   1.00149   0.00238
          0.06518187          1.00107000          1.00107000               0.06517700          1.00000000          0.00107000	 0.065177   1.00107   0.00240
          0.06932987          0.99905000          0.99905000               0.06932500          1.00000000         -0.00095000	 0.069325   0.99905   0.00114
																			     
																			     
#I																			     
         -0.06662763          1.00007000          1.00007000              -0.06661100          1.00000000          0.00007000	-0.066611   1.00007   0.00036
         -0.06411263          0.99984000          0.99984000              -0.06409600          1.00000000         -0.00016000	-0.064096   0.99984   0.00031
         -0.06159663          0.99955000          0.99955000              -0.06158000          1.00000000         -0.00045000	-0.061580   0.99955   0.00114
         -0.05947663          1.00100000          1.00100000              -0.05946000          1.00000000          0.00100000	-0.059460   1.00100   0.00060
         -0.05780563          0.99974000          0.99974000              -0.05778900          1.00000000         -0.00026000	-0.057789   0.99974   0.00059
         -0.05610663          0.99902000          0.99902000              -0.05609000          1.00000000         -0.00098000	-0.056090   0.99902   0.00085
         -0.05445063          1.00029000          1.00029000              -0.05443400          1.00000000          0.00029000	-0.054434   1.00029   0.00022
         -0.05273563          0.99935000          0.99935000              -0.05271900          1.00000000         -0.00065000	-0.052719   0.99935   0.00032
         -0.05109063          1.00079000          1.00079000              -0.05107400          1.00000000          0.00079000	-0.051074   1.00079   0.00097
         -0.04908063          0.99887000          0.99887000              -0.04906400          1.00000000         -0.00113000	-0.049064   0.99887   0.00106
         -0.04699763          0.99961000          0.99961000              -0.04698100          1.00000000         -0.00039000	-0.046981   0.99961   0.00049
         -0.04535663          1.00059000          1.00059000              -0.04534000          1.00000000          0.00059000	-0.045340   1.00059   0.00039
         -0.04371463          1.00091000          1.00091000              -0.04369800          1.00000000          0.00091000	-0.043698   1.00091   0.00070
         -0.04207063          1.00041000          1.00041000              -0.04205400          1.00000000          0.00041000	-0.042054   1.00041   0.00021
         -0.04028763          1.00064000          1.00064000              -0.04027100          1.00000000          0.00064000	-0.040271   1.00064   0.00165
         -0.03852963          0.99999000          0.99999000              -0.03851300          1.00000000         -0.00001000	-0.038513   0.99999   0.00094
         -0.03688863          0.99968000          0.99968000              -0.03687200          1.00000000         -0.00032000	-0.036872   0.99968   0.00060
         -0.03518663          1.00022000          1.00022000              -0.03517000          1.00000000          0.00022000	-0.035170   1.00022   0.00097
         -0.03351563          0.99919000          0.99919000              -0.03349900          1.00000000         -0.00081000	-0.033499   0.99919   0.00045
         -0.03185863          1.00005000          1.00005000              -0.03184200          1.00000000          0.00005000	-0.031842   1.00005   0.00027
         -0.03014363          1.00049000          1.00049000              -0.03012700          1.00000000          0.00049000	-0.030127   1.00049   0.00032
         -0.02850063          1.00130000          1.00130000              -0.02848400          0.99998651          0.00131349	-0.028484   1.00130   0.00113
         -0.02684363          0.99889000          0.99889000              -0.02682700          0.99913472         -0.00024472	-0.026827   0.99889   0.00040
         -0.02512963          0.99582000          0.99582000              -0.02511300          0.99755821         -0.00173821	-0.025113   0.99582   0.00028
         -0.02348663          0.99637000          0.99637000              -0.02347000          0.99565433          0.00071567	-0.023470   0.99637   0.00112
         -0.02184363          0.99406000          0.99406000              -0.02182700          0.99351714          0.00054286	-0.021827   0.99406   0.00092
         -0.02020463          0.99097000          0.99097000              -0.02018800          0.99126560         -0.00029560	-0.020188   0.99097   0.00045
         -0.01856163          0.98908000          0.98908000              -0.01854500          0.98898191          0.00009809	-0.018545   0.98908   0.00037
         -0.01691763          0.98817000          0.98817000              -0.01690100          0.98674852          0.00142148	-0.016901   0.98817   0.00035
         -0.01527463          0.98418000          0.98418000              -0.01525800          0.98463348         -0.00045348	-0.015258   0.98418   0.00174
         -0.01363063          0.98271000          0.98271000              -0.01361400          0.98268705          0.00002295	-0.013614   0.98271   0.00016
         -0.01198763          0.98009000          0.98009000              -0.01197100          0.98095168         -0.00086168	-0.011971   0.98009   0.00031
         -0.01034363          0.98055000          0.98055000              -0.01032700          0.97945253          0.00109747	-0.010327   0.98055   0.00031
         -0.00870063          0.97865000          0.97865000              -0.00868400          0.97820573          0.00044427	-0.008684   0.97865   0.00061
         -0.00649763          0.97666000          0.97666000              -0.00648100          0.97692998         -0.00026998	-0.006481   0.97666   0.00073
         -0.00485363          0.97590000          0.97590000              -0.00483700          0.97625931         -0.00035931	-0.004837   0.97590   0.00056
         -0.00315163          0.97679000          0.97679000              -0.00313500          0.97579520          0.00099480	-0.003135   0.97679   0.00091
         -0.00147863          0.97652000          0.97652000              -0.00146200          0.97554332          0.00097668	-0.001462   0.97652   0.00088
          0.00016137          0.97610000          0.97610000               0.00017800          0.97547486          0.00062514	 0.000178   0.97610   0.00088
          0.00180537          0.97622000          0.97622000               0.00182200          0.97557762          0.00064238	 0.001822   0.97622   0.00005
          0.00347737          0.97420000          0.97420000               0.00349400          0.97586707         -0.00166707	 0.003494   0.97420   0.00040
          0.00526737          0.97649000          0.97649000               0.00528400          0.97640662          0.00008338	 0.005284   0.97649   0.00093
          0.00691037          0.97850000          0.97850000               0.00692700          0.97713521          0.00136479	 0.006927   0.97850   0.00048
          0.00861437          0.97751000          0.97751000               0.00863100          0.97814730         -0.00063730	 0.008631   0.97751   0.00076
          0.01037537          0.97826000          0.97826000               0.01039200          0.97947912         -0.00121912	 0.010392   0.97826   0.00132
          0.01202037          0.97949000          0.97949000               0.01203700          0.98098402         -0.00149402	 0.012037   0.97949   0.00115
          0.01366137          0.98235000          0.98235000               0.01367800          0.98272162         -0.00037162	 0.013678   0.98235   0.00038
          0.01530737          0.98496000          0.98496000               0.01532400          0.98467413          0.00028587	 0.015324   0.98496   0.00167
          0.01695237          0.98743000          0.98743000               0.01696900          0.98679471          0.00063529	 0.016969   0.98743   0.00035
          0.01859637          0.98953000          0.98953000               0.01861300          0.98902992          0.00050008	 0.018613   0.98953   0.00119
          0.02024137          0.99146000          0.99146000               0.02025800          0.99131669          0.00014331	 0.020258   0.99146   0.00095
          0.02186337          0.99320000          0.99320000               0.02188000          0.99354373         -0.00034373	 0.021880   0.99320   0.00094
          0.02349737          0.99595000          0.99595000               0.02351400          0.99566767          0.00028233	 0.023514   0.99595   0.00077
          0.02514237          0.99889000          0.99889000               0.02515900          0.99757171          0.00131829	 0.025159   0.99889   0.00040
          0.02678737          0.99956000          0.99956000               0.02680400          0.99909192          0.00046808	 0.026804   0.99956   0.00056
          0.02843437          0.99957000          0.99957000               0.02845100          0.99997359         -0.00040359	 0.028451   0.99957   0.00053
          0.03007837          0.99944000          0.99944000               0.03009500          1.00000000         -0.00056000	 0.030095   0.99944   0.00084
          0.03172337          1.00182000          1.00182000               0.03174000          1.00000000          0.00182000	 0.031740   1.00182   0.00081
          0.03336837          0.99909000          0.99909000               0.03338500          1.00000000         -0.00091000	 0.033385   0.99909   0.00110
          0.03504037          1.00150000          1.00150000               0.03505700          1.00000000          0.00150000	 0.035057   1.00150   0.00017
          0.03674437          1.00112000          1.00112000               0.03676100          1.00000000          0.00112000	 0.036761   1.00112   0.00046
          0.03838937          1.00003000          1.00003000               0.03840600          1.00000000          0.00003000	 0.038406   1.00003   0.00063
          0.04003537          0.99919000          0.99919000               0.04005200          1.00000000         -0.00081000	 0.040052   0.99919   0.00011
          0.04176937          0.99955000          0.99955000               0.04178600          1.00000000         -0.00045000	 0.041786   0.99955   0.00096
          0.04397437          0.99951000          0.99951000               0.04399100          1.00000000         -0.00049000	 0.043991   0.99951   0.00094
          0.04561737          0.99970000          0.99970000               0.04563400          1.00000000         -0.00030000	 0.045634   0.99970   0.00006
          0.04726337          1.00064000          1.00064000               0.04728000          1.00000000          0.00064000	 0.047280   1.00064   0.00104
          0.04891037          0.99945000          0.99945000               0.04892700          1.00000000         -0.00055000	 0.048927   0.99945   0.00105
          0.05055637          0.99887000          0.99887000               0.05057300          1.00000000         -0.00113000	 0.050573   0.99887   0.00016
          0.05220337          1.00136000          1.00136000               0.05222000          1.00000000          0.00136000	 0.052220   1.00136   0.00029
          0.05392237          0.99972000          0.99972000               0.05393900          1.00000000         -0.00028000	 0.053939   0.99972   0.00052
          0.05558337          1.00025000          1.00025000               0.05560000          1.00000000          0.00025000	 0.055600   1.00025   0.00086
          0.05878537          1.00065000          1.00065000               0.05880200          1.00000000          0.00065000	 0.058802   1.00065   0.00066
          0.06130437          0.99985000          0.99985000               0.06132100          1.00000000         -0.00015000	 0.061321   0.99985   0.00078
          0.06382337          0.99951000          0.99951000               0.06384000          1.00000000         -0.00049000	 0.063840   0.99951   0.00037
          0.06690237          0.99984000          0.99984000               0.06691900          1.00000000         -0.00016000	 0.066919   0.99984   0.00023
          0.06969537          0.99940000          0.99940000               0.06971200          1.00000000         -0.00060000	 0.069712   0.99940   0.00009
																			     
																			     
#Ic																			     
         -0.06829603          1.00059000          1.00059000              -0.06803500          1.00000000          0.00059000	-0.068035   1.00059   0.00136
         -0.06377703          0.99960000          0.99960000              -0.06351600          1.00000000         -0.00040000	-0.063516   0.99960   0.00121
         -0.06022603          1.00000000          1.00000000              -0.05996500          1.00000000          0.00000000	-0.059965   1.00000   0.00203
         -0.05771703          1.00210000          1.00210000              -0.05745600          1.00000000          0.00210000	-0.057456   1.00210   0.00129
         -0.05571003          1.00063000          1.00063000              -0.05544900          1.00000000          0.00063000	-0.055449   1.00063   0.00137
         -0.05384103          0.99803000          0.99803000              -0.05358000          1.00000000         -0.00197000	-0.053580   0.99803   0.00137
         -0.05215203          0.99914000          0.99914000              -0.05189100          1.00000000         -0.00086000	-0.051891   0.99914   0.00132
         -0.05036503          1.00140000          1.00140000              -0.05010400          1.00000000          0.00140000	-0.050104   1.00140   0.00137
         -0.04857303          1.00129000          1.00129000              -0.04831200          1.00000000          0.00129000	-0.048312   1.00129   0.00161
         -0.04699603          0.99938000          0.99938000              -0.04673500          1.00000000         -0.00062000	-0.046735   0.99938   0.00104
         -0.04523303          0.99964000          0.99964000              -0.04497200          1.00000000         -0.00036000	-0.044972   0.99964   0.00044
         -0.04326903          0.99852000          0.99852000              -0.04300800          1.00000000         -0.00148000	-0.043008   0.99852   0.00146
         -0.04146703          0.99900000          0.99900000              -0.04120600          1.00000000         -0.00100000	-0.041206   0.99900   0.00109
         -0.03970903          1.00136000          1.00136000              -0.03944800          1.00000000          0.00136000	-0.039448   1.00136   0.00190
         -0.03814903          0.99988000          0.99988000              -0.03788800          1.00000000         -0.00012000	-0.037888   0.99988   0.00119
         -0.03658003          1.00056000          1.00056000              -0.03631900          1.00000000          0.00056000	-0.036319   1.00056   0.00117
         -0.03500103          1.00063000          1.00063000              -0.03474000          1.00000000          0.00063000	-0.034740   1.00063   0.00089
         -0.03335703          1.00086000          1.00086000              -0.03309600          1.00000000          0.00086000	-0.033096   1.00086   0.00086
         -0.03162603          0.99903000          0.99903000              -0.03136500          1.00000000         -0.00097000	-0.031365   0.99903   0.00170
         -0.02969203          1.00078000          1.00078000              -0.02943100          1.00000000          0.00078000	-0.029431   1.00078   0.00115
         -0.02811903          0.99877000          0.99877000              -0.02785800          0.99993424         -0.00116424	-0.027858   0.99877   0.00103
         -0.02652603          0.99923000          0.99923000              -0.02626500          0.99902826          0.00020174	-0.026265   0.99923   0.00174
         -0.02495203          0.99882000          0.99882000              -0.02469100          0.99757338          0.00124662	-0.024691   0.99882   0.00161
         -0.02338803          0.99498000          0.99498000              -0.02312700          0.99578680         -0.00080680	-0.023127   0.99498   0.00131
         -0.02184503          0.99454000          0.99454000              -0.02158400          0.99381671          0.00072329	-0.021584   0.99454   0.00084
         -0.02025603          0.99135000          0.99135000              -0.01999500          0.99167371         -0.00032371	-0.019995   0.99135   0.00126
         -0.01868503          0.98822000          0.98822000              -0.01842400          0.98952473         -0.00130473	-0.018424   0.98822   0.00183
         -0.01710103          0.98762000          0.98762000              -0.01684000          0.98739910          0.00022090	-0.016840   0.98762   0.00064
         -0.01552103          0.98676000          0.98676000              -0.01526000          0.98537985          0.00138015	-0.015260   0.98676   0.00136
         -0.01387203          0.98226000          0.98226000              -0.01361100          0.98343272         -0.00117272	-0.013611   0.98226   0.00139
         -0.01200903          0.97862000          0.97862000              -0.01174800          0.98148196         -0.00286196	-0.011748   0.97862   0.00171
         -0.01043303          0.97783000          0.97783000              -0.01017200          0.98006736         -0.00223736	-0.010172   0.97783   0.00150
         -0.00886703          0.98095000          0.98095000              -0.00860600          0.97888951          0.00206049	-0.008606   0.98095   0.00105
         -0.00725103          0.97821000          0.97821000              -0.00699000          0.97791396          0.00029604	-0.006990   0.97821   0.00152
         -0.00541403          0.97829000          0.97829000              -0.00515300          0.97708946          0.00120054	-0.005153   0.97829   0.00094
         -0.00363203          0.97735000          0.97735000              -0.00337100          0.97655463          0.00079537	-0.003371   0.97735   0.00083
         -0.00200203          0.97795000          0.97795000              -0.00174100          0.97626742          0.00168258	-0.001741   0.97795   0.00134
         -0.00044703          0.97492000          0.97492000              -0.00018600          0.97615278         -0.00123278	-0.000186   0.97492   0.00144
          0.00128197          0.97639000          0.97639000               0.00154300          0.97619591          0.00019409	 0.001543   0.97639   0.00114
          0.00288797          0.97590000          0.97590000               0.00314900          0.97640112         -0.00050112	 0.003149   0.97590   0.00130
          0.00467597          0.97596000          0.97596000               0.00493700          0.97683803         -0.00087803	 0.004937   0.97596   0.00083
          0.00654197          0.97726000          0.97726000               0.00680300          0.97756094         -0.00030094	 0.006803   0.97726   0.00122
          0.00836097          0.97877000          0.97877000               0.00862200          0.97855801          0.00021199	 0.008622   0.97877   0.00089
          0.01001997          0.98074000          0.98074000               0.01028100          0.97973438          0.00100562	 0.010281   0.98074   0.00121
          0.01174697          0.98355000          0.98355000               0.01200800          0.98123120          0.00231880	 0.012008   0.98355   0.00142
          0.01370497          0.98391000          0.98391000               0.01396600          0.98324633          0.00066367	 0.013966   0.98391   0.00099
          0.01584797          0.98440000          0.98440000               0.01610900          0.98578685         -0.00138685	 0.016109   0.98440   0.00077
          0.01778997          0.98945000          0.98945000               0.01805100          0.98831444          0.00113556	 0.018051   0.98945   0.00128
          0.01934897          0.98896000          0.98896000               0.01961000          0.99043180         -0.00147180	 0.019610   0.98896   0.00159
          0.02090297          0.99292000          0.99292000               0.02116400          0.99255444          0.00036556	 0.021164   0.99292   0.00067
          0.02258797          0.99332000          0.99332000               0.02284900          0.99478447         -0.00146447	 0.022849   0.99332   0.00164
          0.02416697          0.99575000          0.99575000               0.02442800          0.99671010         -0.00096010	 0.024428   0.99575   0.00093
          0.02573397          0.99839000          0.99839000               0.02599500          0.99834915          0.00004085	 0.025995   0.99839   0.00139
          0.02750497          0.99847000          0.99847000               0.02776600          0.99967557         -0.00120557	 0.027766   0.99847   0.00112
          0.02945497          1.00056000          1.00056000               0.02971600          1.00000000          0.00056000	 0.029716   1.00056   0.00111
          0.03103597          1.00073000          1.00073000               0.03129700          1.00000000          0.00073000	 0.031297   1.00073   0.00114
          0.03283397          1.00017000          1.00017000               0.03309500          1.00000000          0.00017000	 0.033095   1.00017   0.00075
          0.03471397          1.00275000          1.00275000               0.03497500          1.00000000          0.00275000	 0.034975   1.00275   0.00097
          0.03636997          0.99934000          0.99934000               0.03663100          1.00000000         -0.00066000	 0.036631   0.99934   0.00111
          0.03795197          1.00029000          1.00029000               0.03821300          1.00000000          0.00029000	 0.038213   1.00029   0.00145
          0.03954297          1.00252000          1.00252000               0.03980400          1.00000000          0.00252000	 0.039804   1.00252   0.00141
          0.04128397          0.99973000          0.99973000               0.04154500          1.00000000         -0.00027000	 0.041545   0.99973   0.00105
          0.04284597          0.99909000          0.99909000               0.04310700          1.00000000         -0.00091000	 0.043107   0.99909   0.00134
          0.04484997          0.99889000          0.99889000               0.04511100          1.00000000         -0.00111000	 0.045111   0.99889   0.00075
          0.04657697          0.99872000          0.99872000               0.04683800          1.00000000         -0.00128000	 0.046838   0.99872   0.00085
          0.04830697          0.99986000          0.99986000               0.04856800          1.00000000         -0.00014000	 0.048568   0.99986   0.00084
          0.05002197          0.99987000          0.99987000               0.05028300          1.00000000         -0.00013000	 0.050283   0.99987   0.00171
          0.05178997          1.00074000          1.00074000               0.05205100          1.00000000          0.00074000	 0.052051   1.00074   0.00147
          0.05344397          1.00173000          1.00173000               0.05370500          1.00000000          0.00173000	 0.053705   1.00173   0.00140
          0.05507297          0.99936000          0.99936000               0.05533400          1.00000000         -0.00064000	 0.055334   0.99936   0.00088
          0.05676497          1.00086000          1.00086000               0.05702600          1.00000000          0.00086000	 0.057026   1.00086   0.00098
          0.05834297          0.99985000          0.99985000               0.05860400          1.00000000         -0.00015000	 0.058604   0.99985   0.00105
          0.05993697          1.00143000          1.00143000               0.06019800          1.00000000          0.00143000	 0.060198   1.00143   0.00150
          0.06150297          0.99938000          0.99938000               0.06176400          1.00000000         -0.00062000	 0.061764   0.99938   0.00106
          0.06327997          0.99891000          0.99891000               0.06354100          1.00000000         -0.00109000	 0.063541   0.99891   0.00107
          0.06484897          0.99770000          0.99770000               0.06511000          1.00000000         -0.00230000	 0.065110   0.99770   0.00135
          0.06656697          0.99958000          0.99958000               0.06682800          1.00000000         -0.00042000	 0.066828   0.99958   0.00110
          0.06831697          1.00021000          1.00021000               0.06857800          1.00000000          0.00021000	 0.068578   1.00021   0.00124
																			     
																			     
#z'																			     
         -0.07009090          0.99716000          0.99716000              -0.07011500          1.00000000         -0.00284000	-0.070115   0.99716   0.00100
         -0.06810790          1.00285000          1.00285000              -0.06813200          1.00000000          0.00285000	-0.068132   1.00285   0.00166
         -0.06616190          1.00118000          1.00118000              -0.06618600          1.00000000          0.00118000	-0.066186   1.00118   0.00135
         -0.06422290          1.00409000          1.00409000              -0.06424700          1.00000000          0.00409000	-0.064247   1.00409   0.00161
         -0.06223790          1.00177000          1.00177000              -0.06226200          1.00000000          0.00177000	-0.062262   1.00177   0.00111
         -0.06023290          1.00253000          1.00253000              -0.06025700          1.00000000          0.00253000	-0.060257   1.00253   0.00141
         -0.05764390          0.99956000          0.99956000              -0.05766800          1.00000000         -0.00044000	-0.057668   0.99956   0.00120
         -0.05555890          0.99919000          0.99919000              -0.05558300          1.00000000         -0.00081000	-0.055583   0.99919   0.00159
         -0.05356290          0.99810000          0.99810000              -0.05358700          1.00000000         -0.00190000	-0.053587   0.99810   0.00132
         -0.05136990          1.00040000          1.00040000              -0.05139400          1.00000000          0.00040000	-0.051394   1.00040   0.00110
         -0.04937890          0.99993000          0.99993000              -0.04940300          1.00000000         -0.00007000	-0.049403   0.99993   0.00114
         -0.04746990          0.99881000          0.99881000              -0.04749400          1.00000000         -0.00119000	-0.047494   0.99881   0.00137
         -0.04549190          0.99859000          0.99859000              -0.04551600          1.00000000         -0.00141000	-0.045516   0.99859   0.00156
         -0.04353990          1.00004000          1.00004000              -0.04356400          1.00000000          0.00004000	-0.043564   1.00004   0.00190
         -0.04160190          1.00138000          1.00138000              -0.04162600          1.00000000          0.00138000	-0.041626   1.00138   0.00165
         -0.03940790          0.99865000          0.99865000              -0.03943200          1.00000000         -0.00135000	-0.039432   0.99865   0.00207
         -0.03741790          1.00275000          1.00275000              -0.03744200          1.00000000          0.00275000	-0.037442   1.00275   0.00199
         -0.03543090          0.99766000          0.99766000              -0.03545500          1.00000000         -0.00234000	-0.035455   0.99766   0.00177
         -0.03323690          0.99896000          0.99896000              -0.03326100          1.00000000         -0.00104000	-0.033261   0.99896   0.00120
         -0.03124290          1.00125000          1.00125000              -0.03126700          1.00000000          0.00125000	-0.031267   1.00125   0.00178
         -0.02926890          1.00022000          1.00022000              -0.02929300          1.00000000          0.00022000	-0.029293   1.00022   0.00176
         -0.02734990          0.99942000          0.99942000              -0.02737400          0.99950328         -0.00008328	-0.027374   0.99942   0.00195
         -0.02536790          0.99678000          0.99678000              -0.02539200          0.99780767         -0.00102767	-0.025392   0.99678   0.00120
         -0.02337490          0.99538000          0.99538000              -0.02339900          0.99548739         -0.00010739	-0.023399   0.99538   0.00152
         -0.02095390          0.99246000          0.99246000              -0.02097800          0.99224037          0.00021963	-0.020978   0.99246   0.00255
         -0.01897590          0.99225000          0.99225000              -0.01900000          0.98946859          0.00278141	-0.019000   0.99225   0.00131
         -0.01700090          0.98920000          0.98920000              -0.01702500          0.98675500          0.00244500	-0.017025   0.98920   0.00135
         -0.01505290          0.98178000          0.98178000              -0.01507700          0.98424630         -0.00246630	-0.015077   0.98178   0.00110
         -0.01312190          0.98146000          0.98146000              -0.01314600          0.98201002         -0.00055002	-0.013146   0.98146   0.00059
         -0.01112990          0.98080000          0.98080000              -0.01115400          0.98002765          0.00077235	-0.011154   0.98080   0.00114
         -0.00918890          0.97907000          0.97907000              -0.00921300          0.97844838          0.00062162	-0.009213   0.97907   0.00208
         -0.00725390          0.97549000          0.97549000              -0.00727800          0.97722941         -0.00173941	-0.007278   0.97549   0.00044
         -0.00505990          0.97631000          0.97631000              -0.00508400          0.97625839          0.00005161	-0.005084   0.97631   0.00120
         -0.00316490          0.97739000          0.97739000              -0.00318900          0.97573706          0.00165294	-0.003189   0.97739   0.00146
         -0.00145090          0.97591000          0.97591000              -0.00147500          0.97548670          0.00042330	-0.001475   0.97591   0.00227
          0.00020710          0.97201000          0.97201000               0.00018300          0.97542328         -0.00341328	 0.000183   0.97201   0.00104
          0.00212810          0.97660000          0.97660000               0.00210400          0.97556224          0.00103776	 0.002104   0.97660   0.00074
          0.00379610          0.97799000          0.97799000               0.00377200          0.97588053          0.00210947	 0.003772   0.97799   0.00123
          0.00550510          0.97532000          0.97532000               0.00548100          0.97642196         -0.00110196	 0.005481   0.97532   0.00090
          0.00717310          0.97735000          0.97735000               0.00714900          0.97718610          0.00016390	 0.007149   0.97735   0.00121
          0.00887910          0.97704000          0.97704000               0.00885500          0.97822947         -0.00118947	 0.008855   0.97704   0.00139
          0.01074610          0.97857000          0.97857000               0.01072200          0.97968714         -0.00111714	 0.010722   0.97857   0.00142
          0.01244510          0.98108000          0.98108000               0.01242100          0.98129713         -0.00021713	 0.012421   0.98108   0.00135
          0.01409710          0.98171000          0.98171000               0.01407300          0.98310390         -0.00139390	 0.014073   0.98171   0.00138
          0.01579710          0.98666000          0.98666000               0.01577300          0.98517889          0.00148111	 0.015773   0.98666   0.00077
          0.01745610          0.99035000          0.99035000               0.01743200          0.98736905          0.00298095	 0.017432   0.99035   0.00159
          0.01913910          0.99153000          0.99153000               0.01911500          0.98969705          0.00183295	 0.019115   0.99153   0.00202
          0.02091510          0.99441000          0.99441000               0.02089100          0.99218638          0.00222362	 0.020891   0.99441   0.00107
          0.02271310          0.99174000          0.99174000               0.02268900          0.99463214         -0.00289214	 0.022689   0.99174   0.00150
          0.02437410          0.99762000          0.99762000               0.02435000          0.99670730          0.00091270	 0.024350   0.99762   0.00197
          0.02607510          0.99894000          0.99894000               0.02605100          0.99850182          0.00043818	 0.026051   0.99894   0.00146
          0.02771710          0.99960000          0.99960000               0.02769300          0.99971470         -0.00011470	 0.027693   0.99960   0.00091
          0.02936210          1.00155000          1.00155000               0.02933800          1.00000000          0.00155000	 0.029338   1.00155   0.00244
          0.03105710          1.00037000          1.00037000               0.03103300          1.00000000          0.00037000	 0.031033   1.00037   0.00055
          0.03284110          1.00206000          1.00206000               0.03281700          1.00000000          0.00206000	 0.032817   1.00206   0.00134
          0.03465010          0.99968000          0.99968000               0.03462600          1.00000000         -0.00032000	 0.034626   0.99968   0.00147
          0.03630510          1.00186000          1.00186000               0.03628100          1.00000000          0.00186000	 0.036281   1.00186   0.00222
          0.03797010          0.99919000          0.99919000               0.03794600          1.00000000         -0.00081000	 0.037946   0.99919   0.00106
          0.03965810          1.00125000          1.00125000               0.03963400          1.00000000          0.00125000	 0.039634   1.00125   0.00124
          0.04132510          0.99883000          0.99883000               0.04130100          1.00000000         -0.00117000	 0.041301   0.99883   0.00063
          0.04353110          1.00024000          1.00024000               0.04350700          1.00000000          0.00024000	 0.043507   1.00024   0.00047
          0.04652410          1.00068000          1.00068000               0.04650000          1.00000000          0.00068000	 0.046500   1.00068   0.00144
          0.04933910          1.00241000          1.00241000               0.04931500          1.00000000          0.00241000	 0.049315   1.00241   0.00204
          0.05244210          1.00251000          1.00251000               0.05241800          1.00000000          0.00251000	 0.052418   1.00251   0.00187
          0.05507110          0.99904000          0.99904000               0.05504700          1.00000000         -0.00096000	 0.055047   0.99904   0.00238
          0.05761210          0.99755000          0.99755000               0.05758800          1.00000000         -0.00245000	 0.057588   0.99755   0.00167
          0.06022810          0.99836000          0.99836000               0.06020400          1.00000000         -0.00164000	 0.060204   0.99836   0.00095
          0.06275310          0.99971000          0.99971000               0.06272900          1.00000000         -0.00029000	 0.062729   0.99971   0.00106
          0.06531210          0.99881000          0.99881000               0.06528800          1.00000000         -0.00119000	 0.065288   0.99881   0.00099
          0.06790710          0.99940000          0.99940000               0.06788300          1.00000000         -0.00060000	 0.067883   0.99940   0.00159
          0.07063310          1.00116000          1.00116000               0.07060900          1.00000000          0.00116000	 0.070609   1.00116   0.00233
